012079
006736
007689
007690
004314
004315
001704
001809
004636
010282
010283
001404
006154
160221
003304
003305
005076
590003
165520
000209
011630
011631
040015
011146
011147
004432
004433
010990
000689
004671
610006
005927
005928
519674
010008
010009
005669
398021
002296
006128
610004
001245
008085
008084
010237
009651
009025
010238
009652
110025
009024
001933
320007
005402
010235
001753
167002
011446
160421
011447
040005
001261
000063
010792
010793
168401
200001
519005
006081
009644
006080
009645
001822
010587
010588
167001
519196
005094
004223
004745
519642
001225
002213
008980
003624
008981
003625
007203
690008
001298
011607
590008
001279
004423
008655
398051
008656
011815
002560
000739
001515
004890
009968
161217
009969
007163
007164
004205
007713
240022
011068
168203
006281
005119
011102
011103
166301
630011
004390
004374
502023
004375
004391
005412
005413
011128
162202
000462
005352
011129
001513
008961
005353
009199
001339
008962
700003
008963
006265
550009
006533
000308
008640
008641
008633
008634
004557
007340
001856
004666
007341
010427
001070
010428
519181
001702
012126
012127
000654
008189
008190
210005
002620
050024
011550
000603
011551
006051
005983
006052
005368
001959
012210
005815
012211
400015
519679
002281
210004
000039
011188
010124
010125
006233
011223
009511
006234
000584
001614
009913
001323
002170
001410
004496
004497
009855
009856
008887
011251
008888
011252
580009
011949
540008
009147
290014
001487
519195
008281
004332
008282
008983
005161
005037
006257
008984
005038
002634
010676
008373
005939
008374
001475
005940
009049
110005
519089
003567
010003
160620
010004
011260
481006
001476
007968
008050
011261
008051
012181
000496
010291
519908
001576
002071
481010
257060
000566
011322
006348
010135
007300
000390
010136
007301
001471
010028
620004
004139
160805
007484
009636
000409
009885
011454
005977
009886
000967
000828
519091
519158
008638
005978
007468
007469
008009
001569
007777
290011
000966
001267
006147
006148
001411
002601
002051
410001
003956
000793
163503
011328
011329
000598
001480
004616
163807
005310
009062
012631
005763
010236
002064
005009
210003
001606
001970
003834
009063
007590
270028
005211
003822
010023
003823
002537
690011
580006
008120
012617
008121
202027
620002
005207
210008
001120
002567
001121
005090
002190
005091
150103
004812
001751
001752
004813
001537
011717
011718
001224
002258
008180
008181
000336
005311
519702
000690
481015
005312
200015
006123
290008
630002
720001
001322
050010
009368
001978
006124
162201
001877
009369
610002
001128
005598
003853
010611
000404
005885
012772
010612
004244
240010
002132
168002
000165
010963
002137
011985
206012
010001
519997
001158
011986
001479
010002
009859
002983
501057
008960
501058
003857
003858
519909
001716
164905
003751
001997
080012
673060
011512
630016
519198
011513
009258
004044
002863
005728
010805
010806
630008
001924
590006
310368
001709
001951
519126
002345
001811
003670
007130
009067
005541
519672
005542
004698
009068
005765
011592
010412
630015
165516
160324
161028
200010
005821
004224
165528
161715
001532
004925
011148
163822
410006
519115
005904
008919
008920
005634
005905
001252
001075
011377
161903
501001
001166
160225
011458
001643
000823
011378
010363
011459
001156
001644
002148
001797
001808
002885
011167
011712
010694
002419
008347
008348
000612
009008
001719
005381
000354
000535
009009
519120
006568
213006
007685
005774
519113
360011
003510
006888
006887
003511
001880
400032
010000
005802
000767
160634
006132
000800
001239